-,-,-
-896, 192, 600
-896, 192, 600
-800, 157, 619
-955, 169, 634
-930, 263, 632
-958, 246, 615
-977, 252, 610
-1027, 239, 666
-1049, 230, 682
-1084, 253, 677
-1121, 235, 697
-1137, 249, 696
-1109, 212, 668
-1109, 212, 668
-1121, 221, 642
-1092, 152, 641
-1030, 130, 584
-1010, 87, 563
-981, 38, 534
-900, 16, 490
-780, -12, 447
-624, 8, 378
-470, 2, 267
-470, 2, 267
-,-,-
-960, 78, 663
-1106, 172, 536
-1110, 253, 598
-1240, 268, 582
-1362, 144, 577
-1448, 97, 631
-1400, 116, 690
-1389, 150, 674
-1309, 84, 657
-1309, 84, 657
-1152, 77, 613
-988, 115, 556
-868, 125, 498
-734, 151, 413
-587, 180, 295
-529, 90, 206
-514, -32, 175
-519, -71, 168
-,-,-
-905, 134, 520
-982, 165, 503
-907, 32, 510
-894, 96, 513
-894, 96, 513
-929, 163, 482
-987, 160, 487
-1078, 160, 495
-1149, 176, 511
-1178, 135, 525
-1209, 78, 511
-1223, 45, 500
-1208, 44, 498
-1169, 45, 482
-1169, 45, 482
-1096, 74, 472
-1024, 77, 437
-974, 103, 403
-918, 135, 398
-,-,-
-1090, 96, 570
-1100, 142, 570
-1056, 108, 614
-1028, 55, 604
-1041, 108, 590
-984, 82, 537
-957, 124, 499
-976, 126, 489
-1030, 121, 496
-1099, 174, 481
-1137, 216, 506
-1183, 151, 536
-1183, 151, 536
-1209, 102, 551
-1162, 38, 547
-1105, 16, 501
-977, 72, 475
-885, 88, 460
-839, 24, 425
-783, 32, 382
-722, 19, 334
-722, 19, 334
-653, 50, 279
-,-,-
-849, 20, 482
-911, 60, 500
-902, 85, 555
-954, 31, 520
-963, 53, 503
-963, 53, 503
-958, 80, 504
-963, 86, 530
-979, 90, 522
-1001, 70, 518
-1026, 81, 478
-1066, 126, 492
-,-,-
-1027, 10, 666
-1026, 41, 549
-905, 16, 490
-866, -22, 383
-816, 97, 376
-800, -4, 312
-800, -4, 312
-774, -112, 230
-757, -103, 218
-,-,-
-1008, 237, 774
-1071, 345, 811
-1098, 321, 810
-1113, 325, 805
-1088, 318, 789
-1052, 293, 769
-1042, 277, 745
-1045, 212, 719
-992, 194, 685
-992, 194, 685
-929, 221, 667
-897, 203, 665
-867, 187, 649
-886, 160, 588
-837, 87, 495
-729, 181, 448
-635, 135, 319
-556, 132, 233
-,-,-
-1126, 207, 842
-1163, 225, 883
-1208, 124, 867
-1157, 125, 822
-1115, 169, 786
-1115, 169, 786
-1117, 129, 724
-1133, 93, 718
-1096, 83, 704
-1017, 78, 670
-961, 64, 626
-939, -19, 570
-744, 142, 574
-674, 108, 483
-545, 149, 369
-545, 149, 369
-485, 95, 223
-499, 19, 127
-,-,-
-1141, 86, 757
-1157, 158, 801
-1176, 139, 802
-1203, 109, 809
-1218, 108, 810
-1196, 141, 792
-1190, 145, 761
-1158, 77, 754
-1158, 77, 754
-1117, 50, 715
-1017, 64, 664
-939, 119, 627
-914, 73, 525
-839, 70, 481
-770, 115, 449
-722, 83, 375
-722, 83, 375
-701, 71, 308
-689, 51, 252
-682, 26, 203
-657, 5, 122
-605, 48, 84
-605, 48, 84
-554, 56, 37
-,-,-
-1137, 171, 770
-1137, 171, 770
-1089, 70, 738
-1094, 63, 760
-1091, 99, 800
-1092, 85, 790
-1078, 30, 767
-1108, 34, 734
-1127, 48, 730
-1094, 71, 714
-1034, 67, 672
-1034, 67, 672
-979, 74, 579
-932, 93, 490
-892, 144, 434
-833, 141, 367
-816, 47, 265
-755, 126, 272
-779, 99, 248
-779, 99, 248
-756, 88, 207
-704, 70, 143
-649, 74, 93
-602, 67, 55
-,-,-
-1052, 74, 668
-1081, 117, 816
-1109, 212, 913
-1116, 116, 888
-1096, 107, 924
-1140, 71, 972
-1087, 89, 910
-1034, 104, 820
-1001, 85, 763
-959, 75, 720
-959, 75, 720
-915, 101, 698
-870, 126, 653
-831, 136, 613
-807, 126, 566
-772, 107, 482
-718, 110, 382
-681, 127, 296
-681, 127, 235
-,-,-
-1080, 96, 937
-1144, 152, 896
-1161, 185, 932
-1141, 167, 932
-1160, 118, 875
-1126, 66, 801
-1021, 87, 705
-936, 116, 623
-882, 123, 558
-859, 71, 477
-859, 71, 477
-782, 71, 398
-816, -13, 328
-769, 64, 333
-724, 78, 283
-697, 95, 245
-697, 95, 245
-675, 82, 180
-649, 34, 102
-645, 17, 54
-652, 7, -6
-,-,-
-1082, 111, 1003
-1055, 118, 1069
-1061, 109, 1045
-1035, 98, 1003
-1036, 137, 942
-993, 150, 867
-993, 150, 867
-930, 175, 776
-935, 143, 733
-947, 109, 704
-927, 94, 699
-912, 102, 684
-876, 107, 646
-877, 118, 596
-848, 142, 521
-848, 142, 521
-820, 156, 431
-803, 146, 306
-759, 85, 195
-692, 122, 137
-646, 89, 82
-678, 76, 36
-678, 76, 36
-705, 11, 7
-664, 0, -53
-,-,-
-962, 168, 784
-992, 175, 796
-1023, 148, 841
-1021, 154, 846
-1054, 140, 882
-1054, 114, 901
-1085, 125, 935
-1130, 158, 975
-1115, 155, 938
-1084, 159, 878
-1052, 167, 781
-1012, 181, 709
-971, 168, 628
-895, 171, 518
-895, 171, 518
-830, 165, 425
-805, 148, 358
-791, 93, 297
-710, 90, 275
-664, 111, 233
-676, 99, 175
-702, 49, 127
-702, 49, 127
-657, 44, 41
-640, 61, -46
-634, 74, -125
-642, 123, -173
-650, 137, -181
-,-,-
-1059, 134, 787
-1043, 144, 709
-1011, 168, 710
-1008, 192, 647
-1000, 184, 583
-993, 158, 536
-960, 155, 447
-936, 170, 375
-939, 126, 306
-837, 200, 233
-809, 143, 158
-755, 152, 51
-755, 152, 51
-697, 157, -37
-630, 142, -135
-611, 141, -202
-,-,-
-1099, 79, 802
-1081, 116, 834
-1129, 87, 846
-1119, 73, 773
-1119, 73, 773
-1104, 93, 725
-1062, 98, 681
-1037, 67, 620
-1029, 49, 588
-976, 46, 558
-924, 66, 508
-890, 58, 431
-890, 58, 431
-849, 68, 348
-799, 90, 252
-672, 148, 169
-609, 128, 73
-550, 134, -23
-,-,-
-1025, 178, 697
-1071, 233, 764
-1069, 194, 797
-1087, 159, 843
-1117, 145, 899
-1151, 112, 935
-1160, 59, 957
-1168, 91, 958
-1168, 91, 958
-1099, 94, 872
-1050, 144, 782
-989, 140, 663
-914, 145, 570
-852, 149, 485
-829, 99, 369
-676, 184, 300
-601, 160, 196
-578, 118, 124
-,-,-
-805, 107, 391
-795, 86, 464
-854, 57, 622
-925, 29, 679
-974, 9, 707
-1093, 26, 758
-1093, 26, 758
-1234, 74, 841
-1399, 114, 962
-1559, 84, 1084
-1590, 41, 1125
-1507, 60, 1065
-1324, 122, 961
-1077, 247, 840
-876, 308, 695
-833, 165, 540
-680, 157, 420
-567, 258, 310
-458, 216, 187
-458, 216, 187
-,-,-
-1015, 318, 973
-1060, 192, 1103
-1103, 175, 1149
-1121, 140, 1161
-1161, 113, 1197
-1204, 21, 1257
-1180, -7, 1251
-1083, 20, 1083
-998, 81, 889
-848, 142, 755
-848, 142, 755
-722, 152, 648
-,-,-
-928, 189, 660
-929, 219, 688
-1011, 276, 781
-1105, 294, 860
-1224, 296, 941
-1299, 325, 1025
-1340, 249, 1100
-1444, 160, 1210
-1474, 143, 1252
-1399, 142, 1178
-1265, 151, 1053
-1084, 219, 896
-939, 220, 741
-815, 223, 617
-,-,-
-1084, 450, 938
-1170, 511, 1043
-1149, 182, 1227
-1217, 495, 1179
-1231, 302, 1181
-1226, 278, 1170
-1242, 192, 1155
-1275, 114, 1135
-1226, 145, 1136
-1078, 258, 1051
-958, 287, 911
-,-,-
-1293, 273, 1343
-1330, 232, 845
-1190, 366, 1136
-1293, 280, 1300
-1207, 248, 1295
-1224, 274, 1241
-1240, 147, 1114
-1216, 77, 1022
-1143, 65, 947
-1041, 43, 848
-996, 61, 787
-839, 110, 727
-773, 170, 639
-773, 170, 639
-,-,-
-1354, 173, 1237
-1306, 282, 1248
-1266, 224, 1431
-1249, 176, 1458
-1146, 241, 1372
-1007, 278, 1229
-924, 216, 1076
-872, 151, 912
-771, 142, 779
-676, 118, 627
-632, 75, 505
-620, -18, 394
-582, -77, 277
-582, -77, 277
-551, -52, 177
-490, -66, 88
-,-,-
-1334, 160, 1146
-1240, 197, 1184
-1202, 116, 1159
-1127, 119, 1056
-1019, 125, 932
-881, 100, 776
-761, 167, 690
-761, 167, 690
-768, 52, 599
-678, 66, 514
-623, 75, 441
-584, -5, 355
-572, 5, 301
-572, 5, 301
-,-,-
-1268, 374, 943
-1269, 358, 963
-1250, 295, 1129
-1287, 196, 1212
-1317, 134, 1220
-1289, 110, 1157
-1222, 132, 1052
-1139, 150, 927
-1024, 159, 790
-913, 155, 688
-,-,-
-1304, 105, 1229
-1169, 187, 1086
-1085, 81, 1054
-975, 89, 918
-847, 90, 700
-643, 152, 515
-498, 173, 373
-391, 201, 277
-496, -20, 232
-506, -77, 139
-451, 25, 74
-451, 25, 74
-,-,-
-1184, 265, 1139
-1085, 301, 1150
-1063, 260, 1084
-1068, 104, 1007
-942, 115, 911
-867, 147, 825
-810, 158, 732
-743, 47, 650
-743, 47, 650
-669, 48, 564
-,-,-
-693, 572, 1130
-797, 433, 1158
-884, 362, 1302
-946, 314, 1375
-933, 350, 1374
-903, 350, 1336
-856, 286, 1325
-784, 235, 1266
-689, 170, 1138
-619, 116, 990
-556, 88, 842
-556, 88, 842
-526, 39, 701
-485, -4, 579
-,-,-
-792, 146, 773
-765, 111, 808
-765, 111, 808
-717, 146, 784
-677, 153, 743
-613, 164, 689
-586, 161, 680
-591, 162, 631
-581, 161, 573
-629, 9, 556
-714, -131, 498
-714, -131, 498
-632, -106, 445
-,-,-
-906, 267, 1098
-927, 344, 1019
-919, 279, 1041
-945, 227, 1038
-935, 230, 1064
-898, 197, 1082
-876, 195, 1059
-888, 180, 1052
-868, 158, 1027
-821, 172, 1002
-782, 168, 961
-740, 132, 919
-725, 124, 873
-669, 94, 820
-669, 94, 820
-608, 84, 743
-517, 28, 645
-429, -58, 561
-433, -108, 463
-434, -111, 342
-441, -99, 216
-415, -78, 107
-415, -78, 107
-,-,-
-1007, 182, 1208
-986, 241, 1161
-949, 291, 1189
-921, 265, 1146
-931, 213, 1111
-896, 187, 1033
-834, 198, 933
-788, 185, 836
-736, 135, 761
-676, 129, 697
-642, 116, 613
-602, 111, 517
-602, 111, 517
-,-,-
-998, 122, 1056
-984, 163, 1154
-959, 183, 1216
-943, 151, 1220
-899, 156, 1183
-895, 135, 1141
-881, 89, 1091
-847, 76, 1026
-847, 76, 1026
-815, 66, 954
-765, 63, 866
-736, 66, 805
-667, 37, 726
-629, 58, 659
-598, 5, 599
-598, 5, 599
-584, -58, 547
-572, -55, 469
-,-,-
-1130, -35, 1295
-1115, -71, 1400
-1017, -67, 1392
-962, 1, 1299
-872, 34, 1157
-811, 20, 1026
-770, 56, 931
-770, 56, 931
-715, 53, 841
-674, 46, 795
-631, 52, 735
-571, 83, 647
-538, 85, 556
-538, 85, 556
-561, 78, 463
-,-,-
-1122, 177, 1103
-1128, 171, 1039
-1111, 168, 1078
-1063, 150, 1048
-1041, 128, 1022
-1020, 144, 1012
-973, 188, 1012
-947, 230, 963
-966, 281, 920
-972, 264, 913
-938, 243, 871
-852, 222, 752
-801, 152, 651
-,-,-
-1106, 14, 1235
-1108, -8, 1189
-1060, -12, 1226
-990, 14, 1121
-944, 5, 980
-954, -59, 877
-912, -87, 839
-807, -21, 823
-732, 37, 800
-709, 6, 791
-709, 6, 791
-690, 60, 765
-655, 144, 687
-669, 121, 596
-706, 50, 554
-666, 29, 530
-666, 29, 530
-677, 23, 459
-666, 57, 366
-612, 124, 290
-558, 155, 210
-,-,-
-1175, 279, 986
-1175, 279, 986
-1098, 203, 1096
-1072, 241, 1127
-1088, 180, 1139
-1034, 169, 1094
-901, 217, 1022
-798, 208, 928
-801, 88, 833
-772, 22, 733
-724, -7, 644
-711, -34, 553
-693, -49, 444
-608, -11, 297
-608, -11, 297
-537, 77, 178
-504, 147, 67
-558, 66, 98
-639, -27, 115
-581, 82, 69
-581, 82, 69
-588, 131, 40
-,-,-
-1005, 411, 1124
-997, 269, 1057
-993, 197, 1136
-960, 148, 1112
-900, 128, 1013
-794, 115, 890
-726, 95, 803
-731, 25, 726
-660, 42, 611
-609, 131, 517
-609, 131, 517
-631, 92, 440
-660, 20, 381
-624, 41, 302
-590, 76, 205
-,-,-
-874, 399, 1470
-962, 467, 1572
-985, 370, 1693
-1008, 276, 1616
-935, 242, 1489
-844, 255, 1296
-757, 234, 1061
-676, 182, 823
-704, 24, 684
-648, 11, 559
-648, 11, 559
-550, 87, 475
-538, 77, 387
-564, -31, 285
-614, -80, 251
-582, -69, 244
-521, -50, 207
-,-,-
-880, 62, 891
-897, 104, 864
-903, 142, 952
-951, 97, 1023
-1019, 89, 1054
-1057, 121, 1095
-1030, 124, 1089
-1008, 104, 1082
-993, 31, 1059
-927, -39, 978
-927, -39, 978
-878, -125, 884
-843, -159, 805
-788, -171, 709
-728, -156, 578
-,-,-
-896, -139, 764
-807, -110, 670
-789, -54, 548
-795, 21, 538
-795, 21, 538
-828, 93, 605
-866, 147, 681
-920, 153, 780
-1047, 134, 921
-1160, 127, 1057
-1190, 124, 1133
-1153, 128, 1156
-1102, 65, 1126
-1070, -21, 1056
-963, -38, 937
-851, -32, 822
-776, -91, 710
-689, -150, 592
-689, -150, 592
-661, -172, 493
-686, -159, 417
-652, -138, 352
-608, -99, 289
-,-,-
-1027, 181, 1144
-1027, 105, 1095
-1042, 60, 1156
-1058, 39, 1151
-1085, 53, 1095
-1057, 43, 1013
-987, 84, 949
-918, 94, 909
-851, 103, 859
-833, 53, 804
-791, 12, 737
-791, 12, 737
-736, 5, 635
-732, -16, 563
-727, -113, 458
-709, -175, 321
-,-,-
-1279, 578, 1155
-1346, 612, 1340
-1296, 341, 1435
-1158, 145, 1408
-968, 37, 1253
-834, -106, 976
-682, -182, 639
-545, -191, 317
-436, -180, 151
-407, -249, 168
-450, -309, 221
-450, -309, 221
-453, -262, 267
-508, -168, 351
-558, -183, 388
-632, -227, 417
-634, -211, 389
-665, -185, 291
-677, -145, 173
-669, -136, 47
-,-,-
-1104, 38, 727
-1119, 13, 764
-1126, -72, 745
-1095, -76, 724
-1037, -67, 696
-998, -35, 645
-961, -30, 588
-961, -30, 588
-928, -35, 548
-873, -18, 503
-853, -52, 469
-869, -88, 395
-846, -69, 324
-,-,-
-1150, 90, 1096
-1100, 82, 1063
-1003, 178, 957
-980, 160, 895
-983, 106, 842
-945, 54, 761
-945, 54, 761
-860, 36, 680
-830, 77, 627
-789, 73, 549
-783, 22, 488
-762, 26, 387
-762, 26, 387
-706, 53, 289
-740, 150, 236
-606, 99, 145
-594, 104, 129
-602, 65, 110
-,-,-
-843, 134, 643
-823, 110, 633
-823, 110, 633
-859, 88, 591
-890, 111, 564
-918, 168, 614
-960, 209, 663
-1013, 203, 709
-1135, 149, 791
-1230, 111, 852
-1251, 137, 903
-1252, 172, 923
-1215, 140, 909
-1133, 130, 846
-1133, 130, 846
-1012, 164, 755
-887, 191, 648
-769, 219, 500
-,-,-
-669, 272, 460
-669, 272, 460
-680, 299, 464
-656, 302, 463
-670, 324, 484
-730, 316, 506
-820, 327, 539
-959, 386, 613
-1143, 537, 747
-1355, 605, 958
-1569, 546, 1206
-1653, 453, 1305
-1528, 409, 1212
-1316, 397, 1062
-1071, 389, 881
-856, 362, 712
-856, 362, 712
-720, 227, 540
-,-,-
-1124, 272, 942
-1103, 260, 1002
-1080, 386, 1041
-1063, 484, 1088
-1007, 400, 1055
-957, 425, 1054
-928, 454, 1078
-927, 413, 1063
-906, 365, 1006
-876, 295, 902
-830, 255, 771
-830, 255, 771
-,-,-
-942, 367, 841
-942, 367, 841
-891, 331, 852
-917, 306, 900
-1020, 327, 938
-1055, 244, 947
-1148, 176, 869
-1254, 198, 865
-1243, 200, 903
-1117, 180, 878
-954, 205, 800
-796, 187, 722
-853, 175, 664
-653, 47, 561
-653, 47, 561
-,-,-
-638, 226, 789
-625, 283, 833
-672, 248, 893
-733, 214, 958
-803, 258, 1087
-898, 260, 1341
-1046, 193, 1658
-1174, 194, 1806
-1174, 272, 1706
-1043, 276, 1466
-893, 235, 1216
-742, 201, 980
-689, 169, 794
-689, 169, 794
-594, 195, 587
-453, 269, 396
-,-,-
-744, 256, 928
-807, 261, 1016
-868, 225, 1181
-943, 167, 1299
-961, 119, 1445
-1006, 124, 1562
-1052, 91, 1603
-1049, 97, 1524
-1001, 89, 1374
-913, 95, 1213
-815, 118, 1071
-715, 152, 932
-715, 152, 932
-,-,-
-709, 332, 734
-698, 353, 756
-695, 309, 803
-688, 336, 781
-696, 318, 768
-696, 318, 768
-740, 288, 833
-816, 287, 975
-882, 306, 1159
-936, 286, 1385
-978, 279, 1561
-987, 288, 1604
-950, 294, 1491
-889, 281, 1315
-820, 263, 1155
-762, 219, 1019
-696, 215, 861
-629, 209, 672
-533, 213, 485
-,-,-
-803, 122, 1540
-739, 104, 1405
-703, 98, 1203
-684, 82, 1042
-684, 82, 1042
-696, 95, 899
-665, 92, 768
-617, 79, 645
-582, 96, 497
-599, 84, 387
-599, 84, 387
-592, 73, 312
-575, 96, 233
-591, 116, 191
-,-,-
-802, 99, 1088
-800, 152, 1085
-827, 173, 1137
-853, 132, 1140
-882, 103, 1156
-893, 79, 1193
-876, 85, 1246
-885, 74, 1332
-885, 80, 1390
-835, 87, 1311
-798, 77, 1179
-798, 77, 1179
-728, 84, 1002
-659, 103, 814
-,-,-
-1111, -4, 1834
-1139, 124, 1865
-1114, 75, 1743
-1004, 66, 1542
-882, 83, 1301
-783, 100, 1079
-641, 90, 848
-488, 122, 629
-488, 122, 629
-390, 119, 429
-358, 94, 274
-342, 65, 146
-332, 51, 73
-368, 84, -13
-,-,-
-865, 142, 1335
-859, 88, 1312
-859, 88, 1312
-872, 62, 1256
-863, 61, 1179
-842, 25, 1092
-825, 9, 994
-788, -13, 890
-765, -34, 795
-766, -48, 689
-766, -48, 689
-731, -23, 566
-660, 44, 441
-617, 98, 316
-562, 140, 199
-549, 140, 122
-488, 189, 51
-,-,-
-738, 301, 953
-807, 221, 1035
-907, 165, 1150
-957, 150, 1339
-968, 134, 1514
-914, 56, 1536
-914, 56, 1536
-871, -14, 1444
-779, -6, 1272
-704, 4, 1023
-660, -11, 712
-640, -45, 431
-546, 3, 271
-,-,-
-1029, 101, 1245
-967, 100, 1241
-892, 150, 1180
-843, 132, 1079
-843, 132, 1079
-778, 146, 965
-719, 156, 855
-661, 153, 747
-637, 97, 670
-666, 19, 609
-645, 15, 532
-601, 87, 437
-601, 87, 437
-582, 98, 332
-528, 125, 196
-477, 175, 63
-,-,-
-844, 134, 1197
-895, 121, 1238
-905, 95, 1379
-920, 142, 1468
-954, 128, 1463
-964, 109, 1375
-931, 100, 1222
-865, 101, 1062
-810, 102, 904
-771, 71, 748
-711, 79, 620
-711, 79, 620
-655, 92, 515
-618, 116, 443
-599, 101, 374
-620, 84, 304
-608, 96, 228
-602, 146, 179
-561, 170, 140
-561, 170, 140
-,-,-
-763, 222, 826
-773, 254, 887
-773, 254, 887
-806, 243, 960
-857, 177, 1030
-926, 109, 1128
-1017, 75, 1281
-1108, 107, 1441
-1176, 136, 1658
-1245, 121, 1875
-1252, 106, 1869
-1184, 95, 1644
-1056, 134, 1360
-905, 175, 1084
-739, 185, 824
-619, 141, 596
-513, 131, 406
-420, 151, 280
-395, 143, 165
-395, 143, 165
-403, 136, 87
-476, 120, 53
-480, 174, 11
-483, 177, -28
-481, 190, -77
-,-,-
-973, -108, 1318
-1025, -55, 1441
-1016, 20, 1390
-977, 75, 1304
-928, 111, 1214
-899, 106, 1130
-896, 96, 1075
-875, 137, 951
-808, 171, 775
-808, 171, 775
-757, 167, 608
-694, 180, 463
-637, 184, 355
-615, 210, 275
-618, 207, 234
-639, 173, 164
-597, 198, 128
-592, 233, 82
-592, 233, 82
-574, 267, 54
-561, 287, 32
-542, 273, 6
-532, 247, -15
-,-,-
-1091, 2, 1199
-1117, -14, 1322
-1149, -21, 1369
-1161, -34, 1345
-1148, -43, 1299
-1098, -33, 1192
-1021, 10, 1047
-965, 8, 902
-965, 8, 902
-897, 5, 749
-815, 22, 599
-764, 40, 479
-712, 51, 393
-712, 51, 393
-667, 78, 322
-613, 96, 230
-599, 126, 154
-621, 149, 91
-620, 164, 9
-576, 177, -38
-576, 177, -38
-566, 158, -83
-529, 147, -100
-,-,-
-960, 89, 974
-961, 89, 922
-1024, 43, 1008
-1115, 0, 1082
-1131, -16, 1167
-1160, -33, 1234
-1187, -36, 1222
-1156, 2, 1131
-1070, 34, 979
-1070, 34, 979
-975, 37, 824
-881, 39, 696
-800, 42, 569
-740, 24, 451
-679, 12, 356
-622, 18, 250
-622, 18, 250
-601, 19, 170
-590, 41, 110
-,-,-
-956, 77, 722
-962, 3, 816
-1009, 31, 909
-1009, 31, 909
-1101, 25, 987
-1165, 13, 1108
-1226, 7, 1252
-1268, 26, 1351
-1278, 93, 1408
-1232, 122, 1403
-1161, 129, 1317
-1085, 146, 1164
-965, 163, 977
-816, 174, 783
-718, 146, 605
-742, -2, 477
-676, -20, 357
-,-,-
-1038, 129, 881
-1044, 67, 918
-1080, 139, 954
-1080, 139, 954
-1093, 147, 931
-1094, 175, 904
-1113, 148, 904
-1138, 197, 950
-1136, 192, 993
-1155, 133, 1021
-1146, 103, 988
-1111, 70, 909
-1051, 86, 809
-968, 125, 707
-916, 150, 596
-845, 145, 467
-761, 160, 352
-761, 160, 352
-687, 188, 250
-619, 215, 152
-555, 234, 69
-508, 230, -2
-486, 223, -49
-,-,-
-944, 250, 1004
-978, 246, 1014
-950, 202, 1039
-965, 269, 1043
-998, 271, 1018
-968, 239, 967
-999, 241, 931
-1014, 175, 872
-1028, 154, 795
-975, 153, 700
-969, 152, 608
-898, 131, 500
-898, 131, 500
-841, 129, 398
-780, 137, 305
-738, 125, 203
-709, 103, 122
-659, 100, 53
-,-,-
-975, 306, 983
-1063, 297, 1083
-1089, 279, 1121
-1140, 212, 1151
-1135, 203, 1172
-1134, 150, 1198
-1107, 136, 1184
-1071, 165, 1136
-1001, 159, 1029
-945, 161, 891
-879, 181, 760
-814, 176, 618
-772, 154, 482
-772, 154, 482
-745, 166, 364
-702, 178, 247
-683, 158, 162
-678, 132, 82
-655, 125, 13
-576, 160, -20
-528, 171, -17
-528, 171, -17
-,-,-
-1078, 308, 870
-1049, 258, 881
-1037, 308, 896
-1037, 308, 896
-1016, 349, 909
-1057, 353, 937
-1004, 356, 939
-978, 364, 899
-968, 341, 841
-958, 300, 784
-940, 274, 719
-941, 285, 653
-882, 270, 592
-880, 238, 546
-877, 207, 462
-877, 207, 462
-841, 240, 371
-833, 230, 339
-821, 209, 304
-755, 223, 262
-672, 244, 213
-588, 253, 150
-519, 268, 97
-,-,-
-1340, -2, 1250
-1341, 60, 1113
-1174, 43, 987
-1018, 97, 809
-885, 108, 642
-850, 135, 495
-774, 160, 393
-774, 160, 393
-707, 175, 290
-678, 112, 220
-655, 104, 189
-666, 122, 163
-596, 169, 116
-514, 222, 62
-468, 262, 44
-485, 271, 0
-485, 271, 0
-438, 304, -24
-447, 222, -62
-515, 135, -90
-,-,-
-1112, -94, 917
-1172, -58, 1017
-1167, 12, 992
-1179, 48, 923
-1137, 47, 853
-1113, 34, 829
-1060, 83, 783
-1002, 83, 734
-1002, 121, 734
-893, 92, 611
-898, 54, 544
-890, 65, 478
-861, 95, 407
-804, 129, 331
-760, 169, 249
-760, 169, 249
-751, 178, 165
-744, 182, 96
-,-,-
-1100, -118, 1073
-1069, -131, 1093
-1051, -48, 1096
-1049, 19, 1050
-1073, 21, 996
-1002, 19, 894
-988, 38, 821
-961, 84, 763
-912, 92, 650
-912, 92, 650
-821, 55, 473
-799, 92, 405
-759, 157, 335
-683, 199, 235
-621, 214, 107
-,-,-
-880, 124, 857
-880, 124, 857
-856, 60, 864
-863, 60, 933
-886, 42, 993
-1000, 46, 1012
-1039, 85, 1071
-1073, 66, 1160
-1131, -16, 1193
-1151, -42, 1177
-1144, -39, 1107
-1111, -26, 1004
-1039, 3, 881
-977, 36, 784
-977, 36, 784
-901, 76, 679
-811, 94, 538
-732, 108, 399
-694, 92, 281
-633, 107, 172
-604, 121, 73
-604, 121, 73
-573, 153, -8
-,-,-
-1090, -60, 984
-1090, -60, 984
-1079, -3, 982
-1072, 21, 895
-1061, -9, 857
-1082, -10, 829
-1069, -6, 786
-1042, -23, 721
-989, 0, 639
-959, 16, 570
-895, 42, 471
-895, 42, 471
-818, 65, 378
-755, 99, 294
-698, 115, 206
-674, 120, 118
-637, 137, 44
-,-,-
-972, 33, 1097
-1016, 58, 1055
-1056, 93, 1085
-1059, 92, 1047
-1032, 84, 1004
-1006, 115, 969
-994, 136, 972
-969, 100, 950
-950, 22, 889
-950, 22, 889
-920, 27, 809
-875, 68, 740
-830, 101, 675
-796, 100, 595
-753, 107, 495
-712, 164, 419
-662, 198, 330
-,-,-
-957, -43, 976
-981, -28, 943
-1004, -6, 957
-1055, 14, 942
-1079, -28, 922
-1073, -31, 886
-1062, -33, 842
-1023, -27, 773
-944, -30, 663
-878, -37, 533
-878, -37, 533
-779, -20, 421
-686, 19, 312
-,-,-
-764, -157, 635
-1188, -95, 605
-1393, -50, 856
-1438, -49, 1148
-1782, -119, 1193
-1998, -158, 1765
-1865, -333, 1791
-1230, -382, 1463
-698, -247, 1026
-174, -20, 450
29, 130, -116
157, 201, -273
-10, 156, -129
-10, 156, -129
-,-,-
-1133, 106, 826
-1417, 126, 1055
-1551, -53, 1081
-1578, -116, 1183
-1518, -123, 1045
-1569, -13, 998
-1329, -24, 1042
-1059, -49, 969
-924, -14, 854
-861, -19, 732
-817, 47, 677
-560, 103, 583
-292, 86, 504
-381, 42, 83
-418, -22, -111
-418, -22, -111
-,-,-
-1253, 445, 1098
-1518, 331, 719
-1192, 76, 906
-1148, -97, 1353
-1334, -86, 1345
-1238, -96, 1236
-1090, -164, 1078
-1084, -189, 1075
-896, -113, 1252
-731, -11, 888
-513, -9, 541
-411, 13, 381
-411, 13, 381
-408, 49, 167
-427, 101, 37
-445, 116, -145
-,-,-
-995, 333, 1050
-1152, 80, 771
-1427, 173, 1029
-1169, 298, 1015
-1093, 391, 763
-1047, 374, 669
-1188, 380, 898
-1188, 380, 898
-1287, 366, 1136
-1279, 266, 1236
-1121, 164, 1108
-992, 105, 991
-851, 139, 850
-559, 193, 719
-,-,-
-1434, 680, 1015
-566, 444, 907
-303, 284, 875
-859, 260, 787
-1192, 280, 1042
-1228, 353, 1326
-1032, 396, 1245
-931, 324, 1124
-1075, 273, 1067
-1102, 252, 1159
-954, 164, 1095
-797, 166, 1069
-461, 325, 1123
-452, 324, 881
-,-,-
-664, 277, 885
-636, 125, 814
-629, 22, 952
-950, 109, 1109
-1051, 191, 1032
-943, 343, 1044
-943, 343, 1044
-1002, 515, 1322
-1109, 552, 1382
-1347, 521, 1275
-1274, 427, 1430
-1072, 322, 1741
-992, 363, 1580
-868, 407, 1163
-716, 352, 956
-574, 246, 812
-426, 214, 640
-248, 245, 378
-225, 216, 9
-229, 144, -137
-284, 110, -48
-306, 88, -38
-306, 88, -38
-,-,-
-968, 637, 1419
-913, 402, 1105
-854, 214, 1129
-848, 167, 1317
-911, 147, 1214
-998, 88, 1186
-998, 88, 1186
-1093, 28, 1278
-922, -29, 1164
-931, 108, 1111
-847, 205, 839
-521, 193, 706
-289, 199, 437
-190, 174, 144
-210, 172, -2
-,-,-
-1170, 379, 1112
-1053, 352, 1277
-1166, 156, 851
-1227, 270, 1063
-1314, 462, 1303
-1368, 385, 1250
-1461, 350, 1343
-1274, 282, 1463
-1289, 271, 1435
-1250, 369, 1308
-883, 478, 1181
-498, 418, 963
-318, 267, 605
-344, 220, 269
-335, 155, 106
-205, 31, 19
-205, 31, 19
-,-,-
-989, 488, 883
-566, 269, 1065
-709, 294, 1121
-1043, 451, 1106
-1121, 541, 1272
-826, 458, 1114
-891, 521, 1148
-1050, 502, 1072
-997, 381, 1407
-993, 257, 1384
-914, 311, 1220
-914, 311, 1220
-987, 411, 1059
-984, 288, 1059
-789, 196, 1057
-489, 222, 1124
-436, 203, 922
-,-,-
-719, 424, 1409
-743, 471, 1049
-749, 428, 588
-671, 367, 859
-661, 449, 1325
-851, 645, 1483
-1107, 929, 1617
-1234, 1002, 1914
-1364, 770, 1998
-1275, 492, 1998
-596, 247, 1998
-488, 182, 1941
-498, 363, 1397
-79, 598, 1022
206, 609, 333
132, 373, -216
132, 373, -216
-54, 238, -279
-187, 150, -317
-323, 77, -374
-449, -23, -317
-388, -67, -381
-247, -41, -439
-,-,-
-781, 814, 1184
-750, 554, 966
-663, 358, 1230
-663, 358, 1904
-991, 514, 1904
-1388, 660, 1998
-1242, 604, 1998
-1185, 594, 1998
-846, 461, 1998
-914, 379, 1892
-912, 479, 1616
-412, 484, 1207
220, 544, 1108
400, 491, 440
254, 336, -357
155, 137, -471
-44, 75, -562
-146, 59, -558
-146, 59, -558
-,-,-
-806, 459, 950
-1235, 679, 1728
-1532, 757, 1127
-1181, 637, 1090
-1021, 681, 1764
-1115, 711, 1981
-1195, 538, 1864
-1369, 437, 1998
-664, 415, 1998
-278, 365, 1718
-495, 108, 1309
-662, -87, 1291
-562, 6, 1080
-80, 443, 831
-80, 443, 831
-44, 262, 183
-234, 96, -50
-338, 73, 70
-289, 122, 347
20, 71, 341
20, 71, 341
-38, -36, -31
-198, 22, -179
-438, 13, -213
-,-,-
-1137, 572, 597
-609, 559, 1943
-659, 282, 1909
-932, 108, 1482
-680, -143, 1411
-509, -176, 1419
-571, -11, 1146
-538, 325, 1022
49, 455, 719
49, 455, 719
127, 288, 194
-227, 164, -29
-239, 243, 82
-164, 378, -193
-343, 451, -237
-190, 441, 55
-190, 441, 55
-214, 285, 107
-488, 115, -223
-658, 30, -224
-,-,-
-1521, 395, 1384
-1278, 327, 807
-645, 340, 831
-908, 601, 1115
-1179, 588, 1181
-1073, 631, 1489
-1075, 590, 1921
-1107, 507, 1982
-788, 280, 1998
-331, 104, 1848
-423, -35, 1472
-388, -52, 1271
-540, 98, 977
-540, 98, 977
-72, 440, 955
453, 664, 833
-32, 351, 385
-740, 31, 109
-510, 5, 96
-510, 5, 96
-,-,-
-1260, 510, 1072
-995, 527, 775
-505, 424, 778
-510, 296, 1300
-929, 44, 1147
-1092, 77, 1269
-956, 208, 1802
-1125, 289, 1886
-1344, 381, 1982
-943, 324, 1895
-859, 166, 1835
-817, 149, 1618
-384, 269, 1225
167, 396, 669
224, 277, 223
224, 277, 223
-25, 142, -86
-,-,-
-1777, -31, 1775
-1856, 147, 1936
-1880, 159, 1936
-1241, 16, 1793
-1105, -49, 1763
-1403, 34, 1793
-1160, -78, 1774
-935, -72, 1510
-751, 133, 1070
-62, 346, 575
355, 445, 398
117, 290, 32
110, 356, -243
-,-,-
-1118, 281, 1341
-1264, 152, 1166
-1217, 214, 1171
-1418, 468, 1323
-1270, 408, 1414
-1090, 321, 1852
-1211, 199, 1882
-1357, 164, 1748
-1435, 307, 1778
-667, 312, 1646
-387, 215, 1366
-424, 209, 1069
-335, 199, 660
-335, 199, 660
-304, 137, 245
-454, 201, 75
-250, 104, 213
-137, 10, 108
-284, -38, -89
-,-,-
-1112, 222, 808
-980, 230, 838
-1299, 445, 1233
-1439, 424, 1234
-1001, 227, 1099
-1034, 156, 1321
-1395, 196, 1493
-1379, 263, 1665
-1191, 259, 1851
-1492, 259, 1911
-1490, 281, 1939
-819, 331, 1998
-497, 382, 1830
-,-,-
-1514, 506, 1582
-1514, 506, 1582
-1292, 264, 1032
-820, -64, 1482
-820, -64, 1482
-1082, -100, 1952
-1068, -107, 1998
-978, 18, 1930
-978, 18, 1930
-874, 171, 1576
-473, 153, 1210
-320, 97, 822
-304, 189, 555
-158, 367, 434
-277, 351, 363
-397, 241, 105
-,-,-
-1315, 388, 894
-1315, 388, 894
-933, 428, 684
-1171, 251, 858
-1229, 229, 1264
-1370, 249, 1287
-1270, 420, 1166
-1439, 623, 1185
-1459, 616, 1261
-1338, 462, 1402
-1487, 321, 1602
-1421, 199, 1852
-1349, 168, 1779
-1043, 138, 1457
-625, 92, 1415
-,-,-
-1447, 830, 1205
-1138, 690, 1549
-953, 470, 1391
-1182, 379, 1530
-986, 263, 1674
-936, 150, 1696
-1072, 106, 1757
-1210, 132, 1701
-1066, 200, 1657
-723, 271, 1497
-513, 332, 1031
-438, 363, 678
-356, 414, 459
-176, 444, 353
-108, 383, 404
-128, 300, 192
-,-,-
-951, 614, 1414
-1319, 658, 1156
-1171, 521, 707
-839, 471, 842
-1030, 593, 1402
-1042, 554, 1534
-1540, 649, 1378
-1955, 780, 1384
-1593, 728, 1774
-1018, 405, 1956
-881, 193, 1815
-603, 161, 1466
-250, 500, 787
-,-,-
-890, 385, 1228
-1193, 349, 1204
-1133, 145, 711
-883, 199, 794
-1126, 478, 1216
-1295, 491, 1117
-1441, 426, 1101
-1858, 539, 1211
-1474, 649, 1868
-1008, 466, 1998
-996, 300, 1925
-968, 251, 1574
-,-,-
-1100, 333, 1307
-1346, 408, 1229
-1199, 347, 717
-1008, 415, 794
-917, 415, 1119
-917, 506, 1119
-950, 485, 1112
-1162, 485, 1328
-1236, 455, 1672
-1141, 367, 1687
-1095, 380, 1805
-983, 409, 1992
-1334, 295, 1998
-1442, 230, 1990
-,-,-
-1342, 632, 950
-1016, 510, 1121
-1059, 427, 1421
-1135, 405, 1657
-1127, 360, 1773
-1123, 261, 1796
-925, 147, 1820
-883, 131, 1653
-805, 231, 1287
-612, 301, 962
-612, 301, 962
-297, 327, 877
-45, 314, 583
-141, 249, 291
-276, 84, 31
-174, 79, -102
-,-,-
-987, 384, 1130
-1286, 421, 947
-1300, 452, 832
-1103, 529, 1029
-1413, 646, 1427
-1448, 601, 1677
-1334, 510, 1792
-1381, 526, 1674
-1344, 634, 1651
-937, 597, 1575
-1087, 466, 1382
-1004, 367, 1237
-572, 361, 960
-235, 374, 599
-235, 374, 599
-51, 310, 276
-155, 247, 36
-560, 136, -147
-466, 159, -154
-333, 149, -121
-,-,-
-842, -50, 1512
-792, 17, 1439
-792, 17, 1439
-742, 92, 1502
-797, 104, 1588
-708, 34, 1836
-866, -51, 1991
-767, -240, 1998
-329, -498, 1885
-491, -509, 1678
-435, -294, 1666
-255, -63, 1377
246, 215, 897
194, 284, 451
-276, 163, 111
-526, 20, 84
-526, 20, 84
-390, -13, -24
-223, 97, -161
-,-,-
-992, 79, 1032
-1211, 243, 1302
-765, 94, 1379
-963, 24, 1381
-1092, -4, 1802
-880, -198, 1967
-1055, -360, 1814
-1119, -281, 1780
-827, -134, 1852
-640, -99, 1522
-515, 0, 1006
-,-,-
-1206, 277, 1405
-1055, 200, 1604
-1052, 144, 1789
-937, 78, 1689
-1042, 65, 1371
-1165, 101, 1126
-1275, 151, 1237
-952, 129, 1419
-683, 78, 1391
-409, 63, 1186
-409, 63, 1186
-137, 141, 972
-246, 118, 389
-,-,-
-1209, 344, 1725
-1091, 228, 1671
-697, 55, 1667
-740, -1, 1593
-740, -1, 1593
-821, -25, 1402
-732, -46, 1378
-899, -72, 1460
-781, -65, 1440
-667, -44, 1209
-447, -26, 970
-172, 48, 831
-315, 30, 290
-195, 127, 114
47, 205, 92
47, 205, 92
-104, 141, 42
-,-,-
-738, 489, 1360
-365, 287, 1248
-365, 287, 1248
-621, 149, 1278
-727, 39, 1258
-801, 20, 1255
-928, 40, 1165
-1072, 120, 1261
-909, 161, 1253
-709, 141, 1061
-674, 208, 882
-515, 258, 736
-261, 232, 514
-89, 212, 442
-89, 212, 442
-227, 185, 73
-296, 123, -162
-260, 86, -237
-,-,-
-755, 474, 1255
-744, 394, 1140
-794, 238, 1201
-706, 226, 1295
-663, 236, 1353
-684, 187, 1329
-912, 307, 1746
-1035, 367, 1819
-857, 283, 1748
-526, 216, 1812
-321, 142, 1807
-601, 164, 1528
-736, 227, 1284
-707, 253, 1010
-192, 179, 1136
22, 180, 1185
-100, 149, 560
-100, 149, 560
-186, 20, 6
-225, -33, 55
-419, -50, -29
-407, -27, -76
-301, 38, -98
-,-,-
-706, 438, 1317
-1027, 562, 1604
-974, 499, 1641
-721, 358, 1372
-326, 311, 1727
-531, 306, 1996
-885, 291, 1977
-643, 227, 1998
-588, 231, 1960
-389, 344, 1708
-187, 435, 1313
-170, 504, 951
-136, 445, 440
-136, 445, 440
-83, 353, 168
-41, 199, -15
-186, 97, -30
-480, 5, 14
-526, -66, 1
-526, -66, 1
-450, -64, -1
-,-,-
-863, 906, 1538
-391, 679, 1464
-281, 571, 1360
-741, 653, 1580
-741, 653, 1580
-729, 672, 1603
-383, 558, 1566
-502, 462, 1424
-714, 370, 1325
-667, 309, 1357
-231, 390, 1315
-107, 368, 858
-359, 252, 516
-482, 165, 318
-276, 83, 305
-285, 162, 326
-565, 109, 236
-565, 109, 236
-594, 8, 227
-479, -120, 75
-456, -127, -41
-513, -164, -41
-456, -242, -154
-462, -229, -209
-,-,-
-956, 689, 1351
-900, 723, 1373
-577, 674, 1719
-544, 582, 1879
-677, 497, 1797
-816, 539, 1795
-1011, 609, 1593
-644, 509, 1568
-477, 367, 1461
-615, 421, 1222
-483, 557, 887
-161, 601, 737
-105, 561, 460
-105, 561, 460
-148, 374, 23
-23, 222, -156
-,-,-
-764, 740, 1274
-538, 803, 1683
-346, 555, 1334
-522, 460, 1220
-553, 421, 1470
-774, 305, 1506
-874, 205, 1638
-685, 217, 1715
-558, 316, 1604
-558, 316, 1604
-387, 370, 1260
-258, 371, 827
-262, 341, 447
-,-,-
-422, 507, 1240
-694, 504, 1377
-557, 482, 1465
-557, 482, 1465
-357, 391, 1527
-707, 404, 1401
-957, 452, 1422
-868, 514, 1559
-617, 562, 1631
-394, 472, 1334
-458, 418, 1065
-,-,-
-567, 741, 1077
-688, 804, 912
-556, 649, 1112
-837, 635, 1124
-1459, 588, 1336
-366, 670, 1998
-355, 591, 1912
-909, 757, 1705
-895, 750, 1606
-641, 564, 1586
-455, 392, 1883
-459, 501, 1720
-298, 621, 987
-298, 621, 987
-98, 585, 461
103, 528, 271
-10, 412, -118
-70, 344, -230
-211, 201, -325
-314, 75, -221
-381, -40, 9
-,-,-
-881, 686, 1048
-896, 665, 1223
-410, 548, 1390
-131, 346, 1330
-222, 452, 1377
-591, 613, 1906
-672, 649, 1998
-286, 704, 1998
-65, 725, 1737
-323, 685, 1170
-573, 522, 1136
-462, 437, 1391
-85, 385, 1407
-85, 385, 1407
-133, 279, 902
-409, 195, 426
-579, 223, 201
-472, 114, 21
-205, -61, 209
-,-,-
-987, 567, 1230
-318, 333, 1102
76, 278, 1317
76, 278, 1317
-641, 430, 1588
-936, 597, 1649
-643, 597, 1744
-812, 653, 1710
-1114, 682, 1668
-747, 588, 1985
-687, 462, 1998
-762, 444, 1998
-587, 464, 1992
-71, 471, 1792
331, 498, 1119
-,-,-
-1512, 569, 1141
-1012, 118, 1066
-575, 87, 1072
-54, 309, 1776
-700, 226, 1626
-523, 319, 1923
-801, 416, 1846
-968, 503, 1845
-1000, 552, 1679
-787, 596, 1833
-462, 568, 1816
-168, 524, 1634
-162, 471, 921
96, 488, 469
230, 501, 73
230, 501, 73
239, 505, -54
-,-,-
-965, -236, 1458
-695, -205, 1465
-397, -258, 1468
-487, 139, 1753
-1084, 158, 1051
-551, 67, 973
-414, 208, 1562
-541, 101, 1445
-355, 105, 1523
-678, 223, 1742
-1168, 362, 1991
-773, 215, 1998
-479, 45, 1998
-775, 101, 1998
-820, 271, 1940
-820, 271, 1940
-458, 315, 1616
-290, 490, 1330
464, 818, 1332
797, 729, 526
545, 405, -120
82, 183, -363
-,-,-
-654, 169, 1515
-699, 234, 1702
-784, 205, 1409
-888, 331, 1345
-681, 412, 1807
-464, 157, 1750
-827, 23, 1612
-827, 23, 1612
-1090, 88, 1529
-1119, 353, 1429
-749, 596, 1371
-128, 619, 1534
97, 606, 1120
-,-,-
-659, 160, 1312
-856, 363, 1528
-735, 593, 1665
-817, 643, 1096
-878, 661, 1209
-649, 672, 1770
-466, 553, 1991
-905, 439, 1833
-1115, 425, 1976
-953, 519, 1998
-799, 675, 1998
-459, 635, 1990
-459, 635, 1990
-165, 632, 1498
-203, 647, 507
-40, 443, 58
149, 177, 140
134, -140, -16
-115, -242, -225
-309, -201, -233
-309, -142, -355
-247, -147, -427
-,-,-
-517, 129, 1013
-787, 171, 999
-787, 171, 999
-450, 245, 1703
-311, 291, 1726
-549, 358, 1255
-797, 578, 1261
-782, 522, 1363
-850, 323, 1650
-1040, 295, 1980
-1211, 393, 1865
-779, 460, 1645
-395, 569, 1639
-248, 612, 1131
-199, 540, 309
-206, 446, -138
-137, 282, -254
-82, 77, -115
-56, -63, 19
-56, -63, 19
-119, -135, 45
-,-,-
-570, 118, 1451
-570, 118, 1451
-783, 193, 1363
-584, 220, 1566
-490, 234, 1595
-780, 241, 1465
-885, 125, 1563
-1040, 59, 1622
-929, 102, 1694
-614, 164, 1712
-409, 188, 1410
-111, 257, 972
85, 269, 340
-20, 213, -266
-128, 68, -442
-128, 68, -442
-,-,-
-976, -100, 944
-922, -17, 909
-805, -39, 997
-758, 17, 1285
-625, 62, 1323
-455, -8, 1166
-407, -83, 1258
-408, -17, 1425
-304, 59, 1382
-308, 122, 1314
-481, 194, 1339
-481, 194, 1339
-664, 265, 1494
-624, 232, 1713
-629, 117, 1740
-817, 130, 1766
-940, 211, 1722
-742, 284, 1683
-356, 225, 1729
-410, 164, 1348
-479, 242, 996
-434, 497, 736
-,-,-
-753, 499, 1066
-766, 432, 915
-658, 299, 800
-633, 212, 1119
-711, 159, 1466
-902, 178, 1675
-915, 244, 1934
-772, 368, 1949
-617, 400, 1759
-784, 368, 1516
-746, 335, 1545
-720, 368, 1609
-383, 364, 1667
-361, 304, 1053
-159, 265, 181
-159, 265, 181
85, 190, -282
171, 69, -276
11, -144, -252
-268, -302, -175
-422, -386, -113
-502, -360, -164
-,-,-
-991, 468, 1515
-991, 468, 1515
-837, 408, 1541
-787, 288, 1234
-750, 286, 1389
-931, 217, 1437
-1114, 205, 1533
-1111, 242, 1744
-723, 188, 1946
-518, 210, 1613
-400, 335, 1206
-317, 347, 645
-,-,-
-841, 61, 1348
-841, 61, 1348
-537, -60, 1484
-212, -218, 1497
-421, -193, 1550
-794, -94, 1593
-829, -103, 1590
-841, -100, 1643
-751, -100, 1747
-663, -76, 1690
-530, 11, 1452
-,-,-
-265, -439, 1753
-253, -548, 1862
-257, -576, 1795
-293, -533, 1553
-294, -429, 1305
-222, -312, 1057
-188, -289, 1034
-273, -280, 946
-352, -243, 634
-374, -194, 308
-344, -197, 221
-425, -221, 147
-496, -148, 24
-,-,-
-187, 44, 1846
-182, -44, 1691
-139, -166, 1901
-206, -191, 1901
-259, -208, 1696
-296, -239, 1607
-157, -302, 1460
-131, -250, 1420
-165, -207, 1153
-269, -164, 968
-352, -95, 831
-422, -134, 739
-454, -156, 556
-646, -68, 531
-428, 70, 384
-153, 92, 180
-204, -47, -63
-,-,-
-795, 280, 1963
-334, 227, 1998
384, 149, 1998
364, 183, 1997
234, 84, 1754
120, -45, 1415
120, -45, 1415
52, -80, 1104
-18, 66, 875
-59, 274, 696
27, 269, 373
-224, 35, 317
-224, 35, 317
-244, -65, 357
-207, -76, 0
-,-,-
-530, 237, 1717
-283, 239, 1826
-200, 200, 1602
-240, 105, 1528
-128, 119, 1442
-161, -68, 1472
-474, -259, 1423
-631, -285, 1250
-435, -68, 1130
-97, -9, 1099
-138, -52, 808
-138, -52, 808
-187, -65, 665
-112, -196, 507
-160, -458, 455
-145, -461, 458
-,-,-
-167, 153, 1461
-274, 216, 1477
47, 399, 1657
381, 454, 1499
143, 165, 1478
143, 165, 1478
-91, 37, 1638
-41, -3, 1644
-17, -66, 1926
339, 219, 1998
301, 202, 1998
-196, 31, 1998
-376, 10, 1988
-227, 147, 1687
-227, 147, 1687
-89, 430, 1084
-,-,-
-176, -3, 1565
-368, -82, 1633
-164, -132, 1471
-34, -159, 1331
18, -221, 1305
-87, -325, 1440
-87, -325, 1440
-34, -321, 1547
222, -231, 1510
179, -230, 1611
-91, -260, 1752
-342, -241, 1926
-236, -174, 1974
-118, -32, 1998
-149, 41, 1895
-257, 106, 1528
-70, 258, 1210
86, 309, 860
-20, 137, 569
-73, 102, 268
-73, 102, 268
-115, 127, -12
-269, -37, -236
-411, -298, -399
-,-,-
-146, 626, 1297
-9, 385, 1238
-189, 306, 1455
-11, 345, 1536
129, 366, 1780
-31, 193, 1997
-89, 181, 1998
-89, 181, 1998
15, 331, 1945
24, 349, 1968
-203, 268, 1865
-183, 487, 1429
190, 429, 507
-,-,-
-527, 259, 1578
-406, 433, 1555
-574, 471, 1840
-699, 439, 1998
-560, 430, 1998
-215, 503, 1998
-72, 637, 1998
-218, 679, 1904
-424, 643, 1440
-340, 634, 802
-133, 537, 599
-257, 398, 453
-257, 398, 453
-,-,-
-347, -247, 990
-362, -250, 848
-245, -171, 821
-112, -17, 841
14, 171, 954
14, 171, 954
-16, 367, 1083
-566, 337, 1641
-1144, 205, 1998
-979, 188, 1998
-462, 298, 1998
-396, 462, 1998
-477, 604, 1741
-226, 678, 1137
-124, 664, 699
-349, 418, 367
-35, 396, -165
-35, 396, -165
22, 324, 0
-81, 67, 26
-512, -17, -244
-503, -296, -303
-598, -450, -451
-,-,-
-812, 387, 1400
-231, 314, 1162
23, 229, 1190
-276, -222, 1199
-343, -150, 1521
-165, -136, 1221
-80, -265, 1091
-18, -284, 1304
-194, -152, 1648
-339, -114, 1359
-196, 84, 1061
-,-,-
-260, -11, 1455
-101, 120, 1608
130, 195, 1515
134, 107, 1463
4, 21, 1635
4, 21, 1635
0, -29, 1746
4, -59, 1632
40, -23, 1612
40, -23, 1612
-56, -38, 1421
-114, -36, 1151
-99, -71, 958
-62, -154, 803
-,-,-
-43, 148, 1574
-125, 103, 1477
-77, 89, 1542
7, 81, 1733
40, 17, 1968
97, -33, 1998
97, -33, 1998
312, 138, 1998
235, 191, 1998
-35, 128, 1957
-198, 141, 1397
-195, 118, 892
-97, 173, 574
-227, -46, 251
-180, -99, 265
-,-,-
-206, -2, 1185
-186, -254, 1256
-224, -239, 1598
-289, -245, 1390
-287, -213, 1160
-216, -171, 1392
-80, -124, 1791
-1, -39, 1900
-1, -39, 1900
-97, -7, 1756
40, 173, 1758
80, 271, 1966
-,-,-
-168, 17, 1698
-94, -99, 1606
-106, -105, 1842
-135, -154, 1979
-18, -196, 1956
10, -145, 1795
-84, -142, 1481
-128, -220, 1143
-133, -219, 1049
-100, -166, 1064
-69, -225, 991
-69, -225, 991
-186, -261, 866
-199, -300, 833
-,-,-
143, -461, 1329
182, -505, 1360
98, -510, 1365
48, -568, 1339
-33, -513, 1083
-83, -439, 956
-54, -354, 1577
-54, -354, 1577
-6, -322, 1962
-23, -253, 1998
-158, -166, 1998
-248, 2, 1998
-146, 126, 1998
-139, 43, 1737
-61, -62, 1591
-2, 25, 1599
-100, -14, 1125
-136, 12, 786
-136, 12, 786
-101, -127, 394
-45, -197, 341
-125, -277, 219
-148, -323, 147
-,-,-
-241, -362, 1535
-307, -330, 1351
-358, 134, 1635
-434, -78, 1865
-424, -78, 1969
-130, 59, 1979
81, 162, 1998
-85, 145, 1973
-266, 118, 1772
-266, 118, 1772
-258, 90, 1429
-89, 72, 1227
-120, -77, 1154
-114, -124, 732
-63, -110, 665
-,-,-
-350, -250, 1687
-501, -420, 1777
-388, -366, 1426
-305, -269, 1437
-207, -256, 1710
-117, -216, 1971
-22, -122, 1987
10, -38, 1927
-73, -2, 1705
-73, -2, 1705
-108, -5, 1394
-137, 5, 1099
-104, 3, 793
-94, -15, 696
-172, -71, 572
-,-,-
57, -409, 1207
-50, -466, 1528
-55, -374, 1555
-112, -439, 1460
-137, -409, 1488
-138, -435, 1448
-110, -437, 1562
-143, -387, 1600
-193, -288, 1662
-232, -141, 1605
-280, -91, 1530
-188, -59, 1649
-72, 44, 1503
-120, 271, 1397
-,-,-
-230, 38, 1767
-309, 86, 1655
-309, 86, 1655
-260, 89, 1476
-222, 11, 1608
-156, 50, 1719
-48, 70, 1755
-127, 67, 1679
-239, 123, 1518
-211, 123, 1309
-195, 77, 1061
-220, -1, 816
-220, -1, 816
-199, -108, 707
-191, -188, 742
-178, -260, 691
-181, -337, 580
-160, -396, 411
-175, -422, 183
-130, -474, 108
-53, -572, 151
-167, -655, 24
-208, -630, -96
-,-,-
-205, -133, 1222
-205, -289, 1304
-148, -221, 1671
-204, -217, 1483
-206, -163, 1674
-289, -175, 1867
-338, -151, 1936
-381, -99, 1908
-393, -50, 1788
-352, -21, 1608
-322, -19, 1536
-314, -19, 1357
-243, -27, 1185
-234, -58, 781
-241, -171, 593
-241, -171, 593
-213, -250, 687
-165, -254, 470
-160, -267, 170
-107, -372, 91
-92, -475, -44
-77, -515, -148
-96, -548, -134
-113, -579, -90
-61, -623, -29
-,-,-
-345, -286, 1356
-345, -286, 1356
-401, -282, 1451
-418, -193, 1435
-316, -110, 1563
-274, -120, 1645
-303, -107, 1656
-293, -48, 1648
-258, -4, 1518
-245, 41, 1324
-267, 29, 1217
-266, 34, 1059
-200, -50, 976
-127, -171, 1065
-152, -246, 927
-198, -305, 791
-205, -338, 706
-189, -420, 690
-181, -447, 552
-146, -512, 424
-167, -560, 299
-186, -546, 204
-78, -567, 220
-78, -567, 220
-74, -661, 169
-90, -700, 60
-,-,-
-418, 80, 1378
-393, 34, 1369
-291, 23, 1536
-265, 48, 1682
-215, -1, 1649
-89, -1, 1741
-151, -46, 1687
-183, -70, 1451
-188, -11, 1209
-287, -114, 1173
-323, -101, 1132
-385, -95, 905
-505, -147, 825
-505, -147, 825
-429, -154, 687
-428, -206, 504
-399, -262, 464
-403, -332, 326
-328, -428, 276
-327, -470, 195
-318, -463, 78
-291, -485, 50
-,-,-
-149, -29, 1598
-135, -25, 1619
-257, 3, 1737
-306, 86, 1709
-209, 128, 1567
-133, 103, 1683
-268, 67, 1753
-341, 119, 1642
-348, 136, 1251
-277, 99, 904
-263, -16, 797
-263, -16, 797
-281, -114, 738
-323, -198, 644
-277, -118, 485
-329, -115, 276
-417, -276, 250
-457, -489, 73
-352, -600, -9
-381, -523, 284
-394, -608, -397
-,-,-
-212, -30, 1788
-135, -70, 1825
-162, -85, 1952
-145, -85, 1938
-119, -53, 1901
-75, -29, 1788
-61, -62, 1723
-119, -74, 1547
-159, -27, 1284
-164, 2, 1011
-164, 2, 1011
-165, -53, 817
-190, -61, 784
-288, -147, 594
-331, -224, 430
-383, -305, 384
-314, -393, 314
-305, -488, 325
-302, -522, 291
-278, -575, 318
-277, -610, 200
-323, -620, 110
-273, -654, 105
-236, -707, 31
-,-,-
-280, -147, 1905
-276, -178, 1945
-220, -191, 1870
-83, -146, 1988
-87, -193, 1875
-137, -179, 1588
-89, -268, 1429
-157, -254, 1211
-251, -263, 894
-196, -234, 699
-196, -234, 699
-191, -239, 534
-255, -312, 524
-285, -380, 580
-316, -454, 388
-284, -457, 262
-259, -475, 164
-211, -616, 138
-,-,-
-280, 248, 1790
-186, 154, 1744
-33, 169, 1804
146, 148, 1650
124, 96, 1542
124, 96, 1542
-101, -34, 1382
-204, -89, 1207
-148, -122, 993
-153, -208, 918
-183, -213, 869
-245, -225, 823
-,-,-
119, -152, 1398
72, -134, 1268
29, -145, 1136
-63, -270, 1130
-60, -347, 1180
-76, -326, 1255
-112, -321, 1367
-90, -362, 1585
-90, -362, 1585
-22, -434, 1814
-125, -470, 1859
-180, -385, 1863
-209, -334, 1806
-199, -296, 1616
-155, -249, 1370
-132, -148, 1138
-148, -109, 950
-166, -67, 772
-,-,-
-29, -160, 1692
-104, -212, 1512
-200, -212, 1428
-222, -225, 1466
-267, -250, 1408
-225, -252, 1439
-147, -302, 1509
-126, -229, 1450
-156, -141, 1305
-149, -110, 1218
-148, -106, 1175
-,-,-
-46, -486, 1549
-46, -402, 1354
-78, -400, 1397
-69, -422, 1447
-115, -445, 1265
-85, -483, 1358
-141, -419, 1344
-192, -355, 1276
-217, -373, 1469
-166, -308, 1531
-128, -214, 1479
-244, -179, 1335
-210, -232, 1297
-186, -231, 1364
-54, -77, 1473
-20, -70, 1427
-217, -221, 1276
-217, -208, 1257
-105, -150, 1163
-145, -154, 994
-230, -228, 866
-,-,-
305, -446, 1100
619, -144, 1256
642, -15, 267
573, -67, 738
400, -171, 795
400, -171, 795
210, -286, 1174
20, -280, 1295
-55, -162, 1568
-135, -125, 1964
-162, -174, 1998
-84, -84, 1998
-34, 67, 1998
87, 200, 1998
110, 347, 1807
30, 315, 1402
30, 315, 1402
152, 391, 1127
166, 130, 1144
40, 84, 923
48, 88, 733
48, 88, 733
63, 143, 477
11, -80, 332
-118, -289, 407
-199, -498, 390
-293, -573, 230
-278, -633, 183
-253, -683, 220
-265, -717, 303
-265, -717, 303
-272, -720, 272
-328, -737, 60
-373, -801, -72
-419, -898, -32
-412, -911, -52
-,-,-
180, -52, 1985
100, -221, 1760
-30, -206, 1623
111, -160, 1432
280, -106, 1392
400, -51, 1548
347, 104, 1656
299, 133, 1718
299, 133, 1718
128, 74, 1705
-37, 81, 1468
-29, 189, 1205
-,-,-
202, -230, 1570
295, -171, 1539
332, -155, 1643
362, -132, 1571
365, -103, 1558
327, -67, 1433
370, -49, 1380
481, -55, 1520
737, 12, 1492
690, 104, 1345
349, 44, 1407
349, 44, 1407
183, 61, 1354
380, 225, 1072
358, 195, 874
163, -51, 810
44, -277, 437
-,-,-
-40, -360, 1557
75, -318, 1558
134, -281, 1565
113, -290, 1512
-4, -326, 1580
-4, -326, 1580
-63, -256, 1599
89, -55, 1559
193, 44, 1617
133, 49, 1554
133, 119, 1305
35, 209, 1071
-,-,-
-150, -136, 1620
-201, -129, 1853
-166, 7, 1644
-175, 76, 1312
-230, -41, 1144
-122, -123, 1213
-8, -11, 1365
70, 123, 1334
-30, 186, 1293
-184, 146, 1443
-57, 116, 1443
98, 159, 1140
98, 159, 1140
-,-,-
-360, -303, 1772
-38, -303, 1928
142, -175, 1807
-33, -124, 1761
-33, -124, 1761
-106, -57, 1779
-1, 49, 1742
-72, 107, 1637
-228, 141, 1439
-238, 190, 1325
-212, 174, 1154
-181, 115, 878
-184, 57, 741
-219, 9, 779
-219, 9, 779
-205, -57, 832
-,-,-
-385, 54, 1521
-385, 54, 1521
-369, 4, 1618
-347, -76, 1519
-291, -24, 1463
-156, 79, 1229
-10, 132, 1113
96, 99, 1065
64, 111, 1026
64, 111, 1100
-57, 164, 1100
-71, 137, 1057
-54, 68, 907
-,-,-
28, -246, 1125
69, -200, 1008
155, -265, 1158
166, -228, 1335
21, -177, 1326
-55, -173, 1257
-55, -173, 1257
-4, -80, 1519
109, 46, 1804
80, 138, 1989
34, 222, 1998
213, 279, 1937
365, 238, 1688
375, 254, 1379
375, 254, 1379
254, 247, 975
142, 113, 645
18, -62, 514
-163, -223, 520
-279, -288, 597
-318, -229, 490
-186, -65, 427
-,-,-
-112, -172, 1659
-63, -98, 1886
-23, 15, 1882
16, 13, 1758
147, 19, 1748
218, 26, 1669
134, 64, 1515
134, 64, 1515
36, 41, 1506
63, 80, 1505
82, 87, 1446
-18, 26, 1243
-18, 26, 1243
-54, 50, 1092
-78, 60, 950
-59, 9, 828
-119, -5, 715
-119, -5, 715
-,-,-
-231, 95, 1665
-319, 158, 1847
-207, 99, 1773
-196, 170, 1811
-78, 214, 1717
-84, 299, 1498
-84, 299, 1498
9, 304, 1325
78, 334, 1174
49, 262, 926
-,-,-
-299, -464, 827
-300, -414, 900
-261, -462, 997
-162, -563, 1191
-248, -592, 1213
-331, -583, 1028
-189, -516, 1036
-55, -473, 1132
-112, -445, 1253
-226, -394, 1365
-287, -298, 1376
-216, -243, 1324
-,-,-
-247, 126, 1463
-269, 175, 1474
-359, 153, 1489
-337, 223, 1572
-178, 279, 1599
-91, 295, 1477
-9, 308, 1371
21, 284, 1361
21, 284, 1361
-40, 229, 1215
17, 229, 1062
71, 164, 928
13, 69, 849
13, 69, 849
-98, -29, 876
-38, -17, 815
-,-,-
-238, 122, 1320
-383, 99, 1321
-495, -12, 1351
-420, 29, 1345
-117, 29, 1401
-117, 161, 1401
41, 224, 1408
31, 206, 1329
10, 174, 1368
101, 200, 1511
19, 259, 1409
-65, 222, 1241
-65, 222, 1241
-,-,-
-303, 290, 1025
-143, 352, 1353
-167, 409, 1383
-170, 488, 1406
-112, 538, 1484
-112, 538, 1484
-10, 559, 1640
-45, 589, 1544
-4, 576, 1344
-38, 450, 1240
-138, 345, 1161
-194, 258, 1050
-125, 85, 828
-162, -6, 636
-162, -6, 641
-148, -26, 641
-,-,-
92, -471, 1167
100, -485, 1177
59, -615, 1055
-77, -680, 1088
-81, -641, 1098
88, -578, 1169
409, -460, 1335
559, -293, 1575
499, -181, 1802
392, -82, 1876
385, -10, 1820
-,-,-
-17, -366, 1278
126, -375, 1227
318, -423, 780
297, -451, 978
156, -427, 1297
-48, -475, 1391
0, -405, 1675
235, -236, 1994
309, -216, 1998
302, -98, 1998
302, -98, 1998
246, 22, 1941
249, 83, 1669
319, 65, 1351
352, 116, 1041
-,-,-
206, -33, 1768
206, -33, 1768
109, -69, 1648
-68, -230, 1397
-86, -361, 1476
-12, -331, 1923
223, -214, 1998
498, 20, 1998
513, 231, 1998
322, 290, 1888
65, 252, 1543
65, 252, 1543
-27, 254, 1098
-28, 248, 617
-18, 230, 342
-78, 113, 91
-187, -42, -35
-,-,-
-283, 171, 1936
-74, 385, 1998
167, 544, 1932
140, 190, 1628
140, 190, 1628
157, -1, 1322
285, 28, 1398
323, 10, 1084
238, 19, 1030
185, 154, 1066
109, 54, 955
109, 54, 955
100, -91, 724
53, -165, 702
-28, -211, 602
-75, -245, 521
-8, -316, 434
-,-,-
88, 99, 1807
-10, 41, 1791
116, -184, 1519
413, -72, 1650
658, 56, 1936
724, -48, 1685
693, -131, 1458
578, 60, 1372
578, 60, 1372
314, -15, 1146
83, -64, 914
10, -87, 688
69, -79, 502
69, -79, 502
63, -119, 421
10, -212, 394
-,-,-
208, -141, 1392
104, -208, 1497
29, -352, 1542
80, -276, 1595
463, -123, 1512
723, -172, 1377
810, -222, 1855
853, -199, 1996
628, -108, 1963
423, -108, 1674
440, 5, 1520
400, 192, 1223
302, 175, 1097
302, 175, 1097
207, 22, 870
-,-,-
-16, 322, 1924
-120, -42, 1863
-120, -42, 1863
192, -348, 873
465, 131, 1729
622, 255, 1782
496, -142, 1631
513, -51, 1911
421, 38, 1723
329, 39, 1363
299, -3, 1101
299, -3, 1101
378, 103, 990
306, 114, 719
156, 171, 531
121, 131, 322
33, 41, 21
-,-,-
53, 292, 1859
-239, 165, 1998
71, 239, 1685
71, 239, 1685
644, 287, 1272
772, 433, 1649
519, 290, 1528
327, 274, 1366
260, 222, 1253
248, 161, 1149
166, 145, 952
166, 145, 952
18, 100, 767
-70, 1, 473
-102, -105, 217
-,-,-
102, 272, 1625
-8, 76, 1672
158, 233, 1623
442, 320, 1265
442, 320, 1265
334, 156, 1451
159, 27, 1528
154, -4, 1605
250, -29, 1559
323, 134, 1465
424, 276, 1495
259, 169, 1382
21, 0, 1009
21, 0, 1009
41, -16, 802
53, -44, 506
-,-,-
-216, 232, 1929
-249, 85, 1921
-249, 85, 1921
45, -197, 1257
181, -199, 1439
266, -58, 1903
208, -139, 1469
182, -110, 1269
226, -12, 1029
-,-,-
144, 312, 1786
-46, 78, 1828
310, -165, 1220
607, 98, 1480
607, 98, 1480
653, 239, 1402
425, -45, 1445
370, -95, 1520
392, -40, 1286
375, 19, 1115
290, 6, 918
290, 6, 918
215, -49, 726
192, -99, 595
222, -116, 507
104, -126, 208
-67, -191, 111
-67, -191, 111
-301, -327, 22
-521, -453, -109
-616, -511, -208
-,-,-
-18, 401, 1869
-39, 400, 1903
-40, 425, 1885
186, 186, 959
468, 150, 1136
549, 153, 1212
486, 91, 1217
336, 7, 1308
336, 7, 1308
247, -48, 1319
160, -18, 1174
112, 64, 867
50, 21, 636
-,-,-
8, -96, 1389
-12, -232, 1287
-10, -220, 1299
160, -178, 1213
194, -191, 1034
-11, -268, 901
-259, -374, 1006
-103, -302, 1309
284, -143, 1539
284, -143, 1539
414, -109, 1656
323, -124, 1679
369, -123, 1663
417, -69, 1660
377, -77, 1620
348, -53, 1542
377, -62, 1475
293, -98, 1313
170, -38, 977
99, 13, 549
99, 13, 549
47, -27, 288
3, -53, 212
57, -63, 162
57, -63, 162
-,-,-
207, 633, 1840
168, 544, 1964
223, 245, 957
315, 17, 901
315, 17, 901
73, -25, 1030
87, -139, 967
290, -109, 1335
195, -19, 1534
-74, -3, 1109
-74, -3, 1109
-131, -80, 764
-65, -34, 578
-177, -147, 356
-307, -216, 240
-335, -234, 314
-279, -240, 114
-293, -320, -148
-363, -448, -146
-368, -523, 8
-446, -562, 118
-459, -580, 79
-459, -580, 79
-429, -582, 5
-411, -587, -48
-,-,-
-460, 188, 1656
-158, 346, 1746
-267, 158, 1375
-38, -107, 827
410, 208, 1473
590, 247, 1460
538, 223, 1630
291, 184, 1859
93, 189, 1432
93, 189, 1432
101, 215, 1010
-33, 155, 625
-296, -20, 469
-464, -227, 422
-333, -305, 498
-178, -353, 611
-,-,-
114, -182, 1006
82, -297, 847
82, -297, 847
51, -353, 852
50, -356, 1181
-34, -259, 1288
-18, -159, 1604
11, -157, 1901
74, -117, 1998
239, 35, 1998
422, 316, 1998
422, 316, 1998
340, 256, 1996
224, 203, 1879
225, 182, 1653
303, 219, 1488
222, 234, 1218
149, 267, 843
173, 318, 493
173, 318, 493
148, 231, 289
-2, 71, 256
-79, 36, 153
-178, -58, -169
-302, -269, -224
-,-,-
-257, 268, 1909
-370, 106, 1819
111, 118, 1461
111, 118, 1461
359, 191, 1780
151, 3, 1863
147, 54, 1807
199, 126, 1661
17, -1, 1454
-110, -23, 1095
-110, -23, 1095
40, 142, 852
109, 107, 561
-3, -99, 338
-68, -210, 466
-,-,-
48, -529, 992
191, -391, 1213
233, -291, 1128
46, -423, 1089
-201, -529, 1095
-367, -644, 1091
-265, -731, 1253
-39, -586, 1410
85, -412, 1364
85, -412, 1364
66, -387, 1651
97, -393, 1905
162, -389, 1944
236, -256, 1867
271, -81, 1758
295, 67, 1618
-,-,-
-608, 9, 1977
-222, 217, 1914
156, 370, 1860
163, 106, 1506
-1, -217, 1435
103, -156, 1263
180, -84, 851
264, -188, 362
264, -188, 362
221, -267, 705
-,-,-
-268, -202, 1525
-174, -257, 1689
96, -102, 1667
281, -61, 1797
281, -61, 1797
248, -112, 1998
353, 26, 1998
220, 99, 1978
16, 31, 1832
-61, 11, 1657
253, 233, 1328
253, 233, 1328
333, 421, 1054
82, 221, 691
-,-,-
-110, 154, 1444
-53, 78, 1430
-53, 78, 1430
-31, 103, 1465
19, 197, 1571
17, 80, 1642
-110, -32, 1827
-94, 100, 1839
19, 222, 1719
-7, 181, 1611
-7, 181, 1611
-129, 31, 1330
-162, 160, 1196
-,-,-
-4, 61, 1329
-4, 61, 1329
-302, -279, 1263
-237, -305, 1302
75, -67, 1606
79, -81, 1831
117, -175, 1991
287, -6, 1998
201, 107, 1998
-18, 72, 1998
-18, 72, 1998
35, 178, 1898
20, 232, 1473
-,-,-
-138, 49, 1579
20, 78, 1801
235, 89, 1839
235, 89, 1839
192, 8, 1995
144, 58, 1998
208, 80, 1998
227, 112, 1998
111, 130, 1863
111, 130, 1863
67, 226, 1518
169, 274, 1217
241, 299, 848
230, 307, 408
-,-,-
-333, 188, 1849
-266, 234, 1807
-39, 107, 1374
77, 162, 1607
-1, 203, 1632
145, 154, 1456
354, 115, 1422
411, 162, 1493
176, 191, 1323
176, 191, 1323
-13, 129, 1175
-,-,-
-119, 299, 1904
0, 285, 1998
381, 454, 1998
381, 454, 1998
347, 569, 1998
7, 609, 1858
-158, 530, 1497
96, 516, 1039
370, 440, 509
167, 309, 249
167, 309, 249
-146, 36, 269
-310, -131, 250
-259, -161, 101
-198, -214, -120
-249, -280, -213
-,-,-
151, 105, 1172
-263, -234, 1253
-276, -292, 1371
65, -72, 1554
83, -171, 1882
64, -199, 1998
269, 49, 1998
239, 130, 1998
239, 130, 1998
115, 180, 1966
145, 294, 1554
-,-,-
152, -91, 1708
-166, -270, 1561
-164, -326, 1371
10, -202, 1048
294, -102, 1407
653, -39, 1639
851, 93, 1868
590, 173, 1998
240, 111, 1998
240, 111, 1998
207, 144, 1998
265, 386, 1979
156, 439, 1730
38, 364, 1557
63, 410, 1355
163, 588, 994
-,-,-
656, 18, 929
276, -43, 1021
-237, -227, 1320
-385, -381, 1602
-43, -200, 1737
-43, -200, 1737
573, 197, 1791
717, 235, 1777
395, 115, 1983
-25, 177, 1998
-88, 434, 1998
320, 730, 1907
381, 640, 1621
18, 334, 1363
-,-,-
-4, 107, 1733
-196, 107, 1783
61, 153, 1873
278, 204, 1677
-15, 162, 1702
-302, 184, 1639
-429, 136, 1505
-485, 127, 1618
-485, 127, 1618
-147, 333, 1430
148, 373, 1118
-55, 354, 922
-212, 318, 451
-,-,-
50, -85, 1125
66, -1, 1338
128, 43, 1473
128, 43, 1473
-9, -49, 1628
97, -2, 1757
283, 153, 1861
84, 151, 1980
-238, 75, 1998
-238, 75, 1998
-52, 137, 1998
150, 205, 1918
125, 270, 1612
-,-,-
-156, 185, 1430
-136, 1, 1451
-258, -72, 1532
-267, -4, 1461
-133, 21, 1568
-133, 21, 1568
-56, 29, 1670
-73, 7, 1675
-129, 97, 1558
-42, 193, 1383
-,-,-
-104, 251, 1690
-104, 251, 1690
-109, 299, 1444
-163, 260, 1525
-148, 257, 1829
-82, 184, 1998
-216, 128, 1882
-309, 151, 1579
-268, 355, 1224
-239, 393, 1012
-295, 162, 1015
-,-,-
-214, -35, 1892
-214, -35, 1892
-315, 15, 1861
-334, 46, 1357
-383, -152, 1348
-192, -288, 1755
-105, -291, 1879
-147, -135, 1361
-122, -7, 1065
-139, -61, 993
-10, -172, 909
104, -184, 1126
-,-,-
19, -862, 1576
19, -862, 1576
-62, -605, 1645
23, -408, 1935
111, -188, 1876
103, -18, 1534
152, 12, 1649
156, 150, 1675
39, 242, 1427
-23, 243, 1131
-23, 243, 809
-50, 214, 809
-85, 152, 433
-,-,-
-40, -402, 832
91, -654, 619
32, -640, 759
22, -785, 983
22, -785, 983
-38, -845, 1176
28, -966, 1554
132, -1047, 1938
140, -1011, 1998
130, -890, 1880
217, -770, 1595
252, -677, 1335
159, -556, 1173
-,-,-
124, -543, 1493
165, -599, 1596
126, -538, 1624
143, -559, 1612
143, -554, 1770
20, -423, 1717
-20, -400, 1669
18, -387, 1619
18, -387, 1619
0, -351, 1496
-21, -251, 1377
-63, -161, 1240
-131, -160, 1119
-130, -193, 1124
-76, -164, 983
-31, -151, 851
